1440000.000000
719 40.314687
718 85.796499
717 133.462943
716 183.700202
715 236.336210
714 289.099995
713 345.217782
712 408.601704
711 473.142720
710 538.274845
709 608.523502
708 679.524847
707 754.909037
706 831.176679
705 911.357052
704 993.105667
703 1075.605130
702 1161.604747
701 1248.965795
700 1336.985120
699 1460.714088
698 1505.558507
697 1600.222654
696 1695.312215
695 1790.696231
694 1888.022772
693 1987.958125
692 2088.105358
691 2189.854530
690 2292.084794
689 2394.315264
688 2496.985101
687 2599.845801
686 2703.841351
685 2808.177151
684 2912.960134
683 3022.731763
