0 0.000000
1 0.000000
2 0.000000
3 0.000000
4 0.000000
5 185.903832
7 0.000000
8 0.000000
9 106.720314
10 0.000000
12 0.000000
13 84.130034
15 0.000000
16 0.000000
17 0.000000
18 632.469738
19 0.000000
20 0.000000
21 329.251692
22 94.574000
27 342.273696
32 0.000000
34 0.000000
35 0.000000
36 0.000000
37 510.382706
38 0.000000
43 0.000000
44 0.000000
45 562.944324
46 0.000000
47 0.000000
50 0.000000
51 0.000000
52 0.000000
53 0.000000
54 635.273435
55 0.000000
57 661.642378
58 0.000000
60 450.684172
61 342.412106
64 319.374527
66 0.000000
67 445.921467
69 370.527980
71 811.169238
73 342.599969
92 0.000000
94 0.000000
95 0.000000
96 0.000000
97 0.000000
98 300.470263
99 0.000000
101 252.416945
104 526.708841
110 0.000000
111 841.989184
116 178.710649
122 170.615132
125 32.079645
126 246.879121
129 773.865866
141 0.000000
142 0.000000
143 0.000000
144 0.000000
