144 32.079645
143 76.058530
142 123.864109
141 181.355988
140 241.887477
139 308.878477
138 379.806240
137 454.050755
136 528.556210
135 612.686244
134 670.179536
133 738.047495
132 825.581095
131 914.267400
130 1006.822967
129 1101.396967
128 1196.303928
127 1292.064930
126 1388.182506
125 1488.589738
124 1594.940724
123 1701.661038
122 1810.194558
121 1921.880104
120 2034.032344
119 2138.843210
118 2252.175265
117 2336.006913
116 2419.249678
115 2509.775310
114 2606.145927
113 2729.638404
112 2853.988375
111 2987.196097
110 3065.006671
109 3200.091632
108 3319.300855
107 3456.975496
106 3598.204038
105 3738.061013
104 3873.254587
103 4022.186391
102 4138.835589
101 4248.527682
100 4402.931440
99 4497.462025
98 4617.072882
97 4790.980218
96 4919.287874
95 5065.119132
94 5240.262731
93 5378.847689
92 5511.467121
91 5690.177770
90 5782.428513
89 5968.332345
88 6162.666961
87 6310.932315
86 6514.775474
85 6643.740397
84 6881.197857
83 7051.640579
82 7219.373860
81 7481.634552
80 7718.500859
79 7964.795388
78 8125.723775
77 8224.072888
76 8276.829475
75 8523.007483
74 8823.477747
73 9005.691270
72 9305.222117
71 9572.093937
70 9904.959514
69 10230.446379
68 10551.991256
67 10542.353507
66 10527.059725
65 10545.298828
64 10545.124091
63 10900.748076
62 10768.533134
61 10841.031099
60 10913.305442
59 10805.685676
58 10727.560907
57 10959.320983
56 10887.015625
55 10950.965667
54 10968.716573
53 10926.388583
52 10941.993680
51 10818.473274
50 10689.695903
49 10751.123884
48 10903.814779
47 10913.092898
46 10850.379569
45 10893.232905
44 10731.007416
43 10864.516900
42 10838.491997
41 10907.018390
40 10854.650586
39 10763.480521
38 10891.921186
37 10963.358903
36 10998.784327
35 10940.192768
34 10925.792054
33 10955.740870
32 10828.790355
31 10849.889004
30 11106.107222
29 10994.173953
28 11016.794301
27 11100.404557
26 10860.072136
25 10939.626709
24 10948.056559
23 10951.432190
22 11119.794028
21 11077.965808
20 11130.852266
19 11045.014768
18 11034.839390
17 11106.881234
16 11103.766051
15 11252.440134
14 11041.283830
13 11129.839749
12 11171.910713
11 10904.918778
10 11002.204374
9 11020.742028
8 11276.542229
7 11132.872469
6 11199.376287
5 10919.113835
4 11144.200182
3 11304.947456
2 11156.630863
1 11163.669084
0 11301.579882
-1 11284.236506
-2 11319.551583
-3 11238.807177
-4 11320.577856
-5 11225.677165
-6 11281.265579
-7 11071.023612
-8 11398.224020
-9 11274.004782
-10 11170.558139
-11 11363.645615
-12 11265.576755
-13 11543.633227
-14 11515.738643
-15 11512.084375
-16 11517.399171
-17 11542.002028
-18 11523.822463
-19 11630.096360
-20 11347.232567
-21 11430.000997
-22 11363.850059
-23 11498.895867
-24 11397.399131
-25 11763.526977
-26 11745.266837
-27 11517.629951
-28 11809.689857
-29 11491.717138
-30 11748.676288
-31 11933.312295
-32 11804.185863
-33 11727.326678
-34 11932.188246
-35 11726.787903
-36 12164.831410
-37 12077.450128
-38 11933.565806
