0 0.000000
1 1202.939894
2 0.000000
4 852.805655
5 0.000000
7 572.140004
10 1459.952704
14 0.000000
16 0.000000
17 2067.572438
18 0.000000
20 0.000000
21 431.738805
25 420.698924
28 1143.140889
31 1402.133008
32 0.000000
33 0.000000
34 0.000000
35 0.000000
36 221.721258
38 360.995223
40 0.000000
41 165.307538
43 671.479911
45 2155.155877
46 1650.512832
47 478.780587
56 474.232141
57 858.752754
60 804.897727
63 525.968218
65 1188.087794
66 480.038528
69 664.610513
72 371.022813
74 0.000000
75 0.000000
76 572.993207
78 0.000000
79 0.000000
80 851.535339
83 0.000000
84 669.434747
86 1289.599090
89 0.000000
92 962.284239
96 706.177740
99 606.373326
100 679.660385
102 0.000000
104 957.230183
105 505.362591
109 1176.897825
112 922.757570
114 1029.420717
120 647.894770
123 0.000000
124 0.000000
125 255.468290
128 0.000000
129 809.126635
131 374.277654
132 1124.937655
136 2533.760556
140 668.463667
154 0.000000
156 435.659375
160 731.603369
163 0.000000
164 0.000000
165 1461.483536
170 0.000000
171 0.000000
172 0.000000
173 751.743742
176 0.000000
177 0.000000
178 333.689932
181 0.000000
182 802.126064
184 531.029987
187 1263.338068
188 0.000000
190 367.341436
191 0.000000
192 644.140821
195 246.625878
199 1656.481121
201 0.000000
204 0.000000
205 0.000000
206 0.000000
207 0.000000
208 467.620829
209 0.000000
210 0.000000
211 0.000000
214 0.000000
215 0.000000
216 0.000000
217 0.000000
218 0.000000
219 0.000000
220 704.840597
221 340.001480
223 772.311214
225 0.000000
226 0.000000
227 588.949117
228 0.000000
229 0.000000
230 478.258135
240 961.839025
245 1250.820549
248 0.000000
249 40.314687
251 767.008469
255 1028.370543
257 0.000000
259 638.999185
262 278.168379
264 0.000000
265 0.000000
266 364.887209
268 0.000000
269 1435.312069
272 852.934605
279 488.531707
282 0.000000
283 635.125794
286 0.000000
287 878.453610
288 0.000000
290 441.416283
292 1910.757285
297 749.908194
300 0.000000
302 0.000000
303 0.000000
304 0.000000
305 0.000000
306 328.438212
308 0.000000
309 0.000000
310 0.000000
311 147.378026
313 0.000000
314 0.000000
315 0.000000
316 0.000000
317 0.000000
318 0.000000
319 0.000000
320 0.000000
321 949.456309
322 659.003389
324 0.000000
327 0.000000
328 0.000000
329 408.955714
331 0.000000
332 232.602547
334 587.901762
336 1134.540996
337 0.000000
338 1483.353141
342 0.000000
343 0.000000
344 0.000000
345 0.000000
346 1448.815584
347 0.000000
352 689.100279
354 0.000000
361 372.761430
363 0.000000
364 0.000000
365 0.000000
366 0.000000
368 0.000000
369 1004.193904
370 836.556480
373 0.000000
377 0.000000
378 1710.630435
382 883.263609
386 939.360906
388 0.000000
392 792.763088
397 0.000000
398 209.518253
400 0.000000
401 1941.776555
408 294.210268
411 226.330038
414 411.290316
417 0.000000
418 0.000000
419 0.000000
420 0.000000
421 0.000000
422 0.000000
423 217.319976
425 0.000000
427 0.000000
428 0.000000
429 979.966759
431 1203.357416
432 211.034118
438 0.000000
439 0.000000
440 1375.451404
442 0.000000
443 198.926568
446 455.079096
452 0.000000
453 0.000000
454 0.000000
455 0.000000
456 523.409731
457 442.855518
460 0.000000
461 0.000000
462 0.000000
463 653.018372
464 0.000000
466 426.065637
469 0.000000
470 0.000000
471 1394.558327
479 1502.458237
480 4701.147724
498 735.050687
506 619.775302
513 429.147997
515 0.000000
520 0.000000
521 656.333420
523 370.633627
525 0.000000
526 0.000000
527 458.112984
529 0.000000
530 506.151121
531 0.000000
533 437.148893
534 0.000000
535 0.000000
537 0.000000
538 0.000000
539 387.396295
541 0.000000
542 0.000000
543 203.689790
545 0.000000
546 584.593807
548 0.000000
549 0.000000
550 0.000000
551 0.000000
552 512.685990
554 699.919524
556 249.532521
558 536.060034
561 525.629149
562 545.236414
566 179.666759
568 397.226479
570 0.000000
571 0.000000
572 732.146941
574 683.804382
577 771.560084
579 0.000000
580 514.794382
582 569.700744
584 469.245004
586 1290.688596
592 0.000000
593 1179.360532
597 0.000000
598 0.000000
599 0.000000
600 0.000000
601 195.667387
603 0.000000
604 989.440056
607 1335.412335
608 1065.482620
615 1544.471945
622 1512.638239
624 118.334328
625 0.000000
628 102.669836
631 0.000000
636 130.167180
638 391.641192
641 0.000000
642 565.049635
646 0.000000
647 905.128878
650 0.000000
651 981.620746
653 1442.910407
658 1837.518408
664 0.000000
666 1430.628931
668 0.000000
671 0.000000
672 341.218267
674 1095.215885
679 1346.166334
685 785.474433
690 0.000000
691 52.636007
696 0.000000
697 1090.841899
703 365.332250
705 728.002539
707 242.356512
709 546.024005
711 506.710956
712 765.819991
716 0.000000
717 0.000000
718 229.745884
