1440000.000000
719 40.314687
718 85.796499
717 133.462943
716 183.700202
715 236.336210
714 289.099995
713 345.217782
712 408.601704
711 473.142720
710 538.274845
709 608.523502
708 679.524847
707 754.909037
706 831.176679
705 911.357052
704 993.105667
703 1075.605130
702 1161.604747
701 1248.965795
700 1336.985120
699 1460.714088
698 1505.558507
697 1600.222654
696 1695.312215
695 1790.696231
694 1888.022772
693 1987.958125
692 2088.105358
691 2189.854530
690 2292.084794
689 2394.315264
688 2496.985101
687 2599.845801
686 2703.841351
685 2808.177151
684 2912.960134
683 3022.731763
682 3132.700110
681 3242.722561
680 3341.666565
679 3457.343888
678 3574.229496
677 3691.280709
676 3809.615037
675 3929.699757
674 4050.465632
673 4172.058427
672 4294.636746
671 4417.218170
670 4540.537743
669 4670.657941
668 4800.825121
667 4931.090587
666 5064.210464
665 5201.712768
664 5339.629997
663 5479.183079
662 5618.739181
661 5760.720615
660 5902.774730
659 6131.949150
658 6179.286987
657 6321.907891
656 6466.729540
655 6611.553124
654 6756.474864
653 6901.402641
652 7048.780668
651 7196.929171
650 7345.459632
649 7465.487397
648 7615.514933
647 7766.710322
646 8041.283041
645 8030.647721
644 8184.867245
